rows=40
N_loc=[200, 500, 1000, 2000]
sigma=[0.3, 0.4, 0.45, 0.5, 0.55, 0.6, 0.65, 0.7, 0.8, 1.0]

Top 10 overall (low score)
 N_loc  sigma_bar    rmse  t_mean_ms  slack_max  Kopt_mean    score
   200       0.60 0.03430      216.0   0.000765      181.0 0.135105
   200       0.55 0.03447      214.0   0.000496      180.0 0.135301
   500       1.00 0.03459      207.0   0.002520      227.0 0.154427
   200       0.30 0.03443      255.0   0.009890      109.0 0.170607
   200       0.45 0.03437      259.0   0.003940      175.0 0.174754
   200       0.70 0.03462      214.0   0.012000      182.0 0.175897
   200       0.50 0.03507      249.0   0.002620      193.0 0.180911
   200       1.00 0.03474      218.0   0.014500      180.0 0.188162
   200       0.80 0.03507      218.0   0.013100      181.0 0.189373
   500       0.30 0.03524      283.0   0.009290      106.0 0.200641